grau(0) = 2
grau(1) = 3
grau(2) = 2
grau(3) = 5
grau(4) = 4
grau(5) = 3
grau(6) = 5
grau(7) = 3
grau(8) = 3
grau(9) = 3
grau(10) = 2
grau(11) = 3
grau(12) = 4
grau(13) = 3
grau(14) = 3
grau(15) = 3
grau(16) = 3
grau(17) = 2
grau(18) = 4
grau(19) = 3
grau(20) = 5
grau(21) = 3
grau(22) = 2
grau(23) = 2
grau(24) = 3
grau(25) = 3
grau(26) = 2
grau(27) = 3
grau(28) = 4
grau(29) = 3
grau(30) = 3
grau(31) = 4
grau(32) = 4
grau(33) = 2
grau(34) = 3
grau(35) = 2
grau(36) = 3
Grau médio : 3.081081
Vertice de origem 0 nCaminhos 84
 1 
 3 
 1  2 
 1  4 
 3  2 
 3  4 
 3  6 
 3  9 
 3  4  5 
 1  4  5 
 3  4  19 
 1  4  19 
 3  6  5 
 3  6  7 
 3  6  13 
 3  6  16 
 3  9  8 
 3  9  10 
 3  6  5  17 
 1  4  5  17 
 3  4  5  17 
 3  6  7  12 
 3  9  8  11 
 3  6  13  12 
 3  6  13  15 
 3  6  16  18 
 1  4  19  20 
 3  4  19  20 
 3  9  10  11 
 3  6  16  15 
 1  4  19  18 
 3  4  19  18 
 3  6  13  12  32 
 3  6  7  12  32 
 3  6  16  15  14 
 3  6  13  15  14 
 3  4  19  18  28 
 1  4  19  18  28 
 3  6  16  18  28 
 3  4  19  20  21 
 1  4  19  20  21 
 3  4  19  20  25 
 1  4  19  20  25 
 3  4  19  20  27 
 1  4  19  20  27 
 3  4  19  20  28 
 1  4  19  20  28 
 1  4  19  20  21  22 
 3  4  19  20  21  22 
 1  4  19  20  21  23 
 3  4  19  20  21  23 
 1  4  19  20  25  24 
 3  4  19  20  25  24 
 1  4  19  20  25  26 
 3  4  19  20  25  26 
 1  4  19  20  27  29 
 3  4  19  20  27  29 
 1  4  19  20  27  30 
 3  4  19  20  27  30 
 1  4  19  20  28  29 
 3  4  19  20  28  29 
 3  6  16  18  28  29 
 1  4  19  18  28  29 
 3  4  19  18  28  29 
 3  6  7  12  32  31 
 3  6  13  12  32  31 
 3  6  7  12  32  33 
 3  6  13  12  32  33 
 3  4  19  20  27  30  36 
 1  4  19  20  27  30  36 
 3  6  13  12  32  31  34 
 3  6  7  12  32  31  34 
 3  6  13  12  32  31  36 
 3  6  7  12  32  31  36 
 3  6  13  12  32  33  34 
 3  6  7  12  32  33  34 
 3  6  7  12  32  33  34  35 
 3  6  13  12  32  33  34  35 
 3  6  7  12  32  31  34  35 
 3  6  13  12  32  31  34  35 
 3  6  7  12  32  31  36  35 
 3  6  13  12  32  31  36  35 
 1  4  19  20  27  30  36  35 
 3  4  19  20  27  30  36  35 
Vertice de origem 1 nCaminhos 103
 0 
 2 
 4 
 0  3 
 4  5 
 4  19 
 2  3 
 4  3 
 4  3  6 
 2  3  6 
 0  3  6 
 4  3  9 
 2  3  9 
 0  3  9 
 4  5  6 
 4  5  17 
 4  19  18 
 4  19  20 
 4  5  6  7 
 0  3  6  7 
 2  3  6  7 
 4  3  6  7 
 4  5  6  13 
 0  3  6  13 
 2  3  6  13 
 4  3  6  13 
 4  5  6  16 
 0  3  6  16 
 2  3  6  16 
 4  3  6  16 
 0  3  9  8 
 2  3  9  8 
 4  3  9  8 
 0  3  9  10 
 2  3  9  10 
 4  3  9  10 
 4  19  18  16 
 4  19  18  28 
 4  19  20  21 
 4  19  20  25 
 4  19  20  27 
 4  19  20  28 
 4  3  6  7  12 
 2  3  6  7  12 
 0  3  6  7  12 
 4  5  6  7  12 
 4  3  9  8  11 
 2  3  9  8  11 
 0  3  9  8  11 
 4  3  6  13  12 
 2  3  6  13  12 
 0  3  6  13  12 
 4  5  6  13  12 
 4  3  6  13  15 
 2  3  6  13  15 
 0  3  6  13  15 
 4  5  6  13  15 
 4  19  20  21  22 
 4  19  20  21  23 
 4  19  20  25  24 
 4  19  20  25  26 
 4  19  20  27  29 
 4  19  20  27  30 
 4  19  20  28  14 
 4  19  18  28  14 
 4  19  20  28  29 
 4  19  18  28  29 
 4  3  9  10  11 
 2  3  9  10  11 
 0  3  9  10  11 
 4  19  18  16  15 
 4  3  6  16  15 
 2  3  6  16  15 
 0  3  6  16  15 
 4  5  6  16  15 
 4  5  6  13  12  32 
 0  3  6  13  12  32 
 2  3  6  13  12  32 
 4  3  6  13  12  32 
 4  5  6  7  12  32 
 0  3  6  7  12  32 
 2  3  6  7  12  32 
 4  3  6  7  12  32 
 4  19  18  28  29  31 
 4  19  20  28  29  31 
 4  19  20  27  29  31 
 4  19  20  27  30  36 
 4  19  18  28  14  32 
 4  19  20  28  14  32 
 4  19  20  27  29  31  34 
 4  19  20  28  29  31  34 
 4  19  18  28  29  31  34 
 4  19  20  28  14  32  33 
 4  19  18  28  14  32  33 
 4  3  6  7  12  32  33 
 2  3  6  7  12  32  33 
 0  3  6  7  12  32  33 
 4  5  6  7  12  32  33 
 4  3  6  13  12  32  33 
 2  3  6  13  12  32  33 
 0  3  6  13  12  32  33 
 4  5  6  13  12  32  33 
 4  19  20  27  30  36  35 
Vertice de origem 2 nCaminhos 84
 1 
 3 
 1  0 
 1  4 
 3  0 
 3  4 
 3  6 
 3  9 
 3  4  5 
 1  4  5 
 3  4  19 
 1  4  19 
 3  6  5 
 3  6  7 
 3  6  13 
 3  6  16 
 3  9  8 
 3  9  10 
 3  6  5  17 
 1  4  5  17 
 3  4  5  17 
 3  6  7  12 
 3  9  8  11 
 3  6  13  12 
 3  6  13  15 
 3  6  16  18 
 1  4  19  20 
 3  4  19  20 
 3  9  10  11 
 3  6  16  15 
 1  4  19  18 
 3  4  19  18 
 3  6  13  12  32 
 3  6  7  12  32 
 3  6  16  15  14 
 3  6  13  15  14 
 3  4  19  18  28 
 1  4  19  18  28 
 3  6  16  18  28 
 3  4  19  20  21 
 1  4  19  20  21 
 3  4  19  20  25 
 1  4  19  20  25 
 3  4  19  20  27 
 1  4  19  20  27 
 3  4  19  20  28 
 1  4  19  20  28 
 1  4  19  20  21  22 
 3  4  19  20  21  22 
 1  4  19  20  21  23 
 3  4  19  20  21  23 
 1  4  19  20  25  24 
 3  4  19  20  25  24 
 1  4  19  20  25  26 
 3  4  19  20  25  26 
 1  4  19  20  27  29 
 3  4  19  20  27  29 
 1  4  19  20  27  30 
 3  4  19  20  27  30 
 1  4  19  20  28  29 
 3  4  19  20  28  29 
 3  6  16  18  28  29 
 1  4  19  18  28  29 
 3  4  19  18  28  29 
 3  6  7  12  32  31 
 3  6  13  12  32  31 
 3  6  7  12  32  33 
 3  6  13  12  32  33 
 3  4  19  20  27  30  36 
 1  4  19  20  27  30  36 
 3  6  13  12  32  31  34 
 3  6  7  12  32  31  34 
 3  6  13  12  32  31  36 
 3  6  7  12  32  31  36 
 3  6  13  12  32  33  34 
 3  6  7  12  32  33  34 
 3  6  7  12  32  33  34  35 
 3  6  13  12  32  33  34  35 
 3  6  7  12  32  31  34  35 
 3  6  13  12  32  31  34  35 
 3  6  7  12  32  31  36  35 
 3  6  13  12  32  31  36  35 
 1  4  19  20  27  30  36  35 
 3  4  19  20  27  30  36  35 
Vertice de origem 3 nCaminhos 64
 0 
 2 
 4 
 6 
 9 
 0  1 
 4  5 
 4  19 
 6  5 
 6  7 
 6  13 
 6  16 
 9  8 
 9  10 
 2  1 
 4  1 
 6  5  17 
 4  5  17 
 6  7  12 
 9  8  11 
 6  13  12 
 6  13  15 
 6  16  18 
 4  19  20 
 9  10  11 
 6  16  15 
 4  19  18 
 6  13  12  32 
 6  7  12  32 
 6  16  15  14 
 6  13  15  14 
 4  19  18  28 
 6  16  18  28 
 4  19  20  21 
 4  19  20  25 
 4  19  20  27 
 4  19  20  28 
 4  19  20  21  22 
 4  19  20  21  23 
 4  19  20  25  24 
 4  19  20  25  26 
 4  19  20  27  29 
 4  19  20  27  30 
 4  19  20  28  29 
 6  16  18  28  29 
 4  19  18  28  29 
 6  7  12  32  31 
 6  13  12  32  31 
 6  7  12  32  33 
 6  13  12  32  33 
 4  19  20  27  30  36 
 6  13  12  32  31  34 
 6  7  12  32  31  34 
 6  13  12  32  31  36 
 6  7  12  32  31  36 
 6  13  12  32  33  34 
 6  7  12  32  33  34 
 6  7  12  32  33  34  35 
 6  13  12  32  33  34  35 
 6  7  12  32  31  34  35 
 6  13  12  32  31  34  35 
 6  7  12  32  31  36  35 
 6  13  12  32  31  36  35 
 4  19  20  27  30  36  35 
Vertice de origem 4 nCaminhos 69
 1 
 3 
 5 
 19 
 1  0 
 1  2 
 3  0 
 3  2 
 3  6 
 3  9 
 5  6 
 5  17 
 19  18 
 19  20 
 5  6  7 
 3  6  7 
 5  6  13 
 3  6  13 
 5  6  16 
 3  6  16 
 3  9  8 
 3  9  10 
 19  18  16 
 19  18  28 
 19  20  21 
 19  20  25 
 19  20  27 
 19  20  28 
 3  6  7  12 
 5  6  7  12 
 3  9  8  11 
 3  6  13  12 
 5  6  13  12 
 3  6  13  15 
 5  6  13  15 
 19  20  21  22 
 19  20  21  23 
 19  20  25  24 
 19  20  25  26 
 19  20  27  29 
 19  20  27  30 
 19  20  28  14 
 19  18  28  14 
 19  20  28  29 
 19  18  28  29 
 3  9  10  11 
 19  18  16  15 
 3  6  16  15 
 5  6  16  15 
 5  6  13  12  32 
 3  6  13  12  32 
 5  6  7  12  32 
 3  6  7  12  32 
 19  18  28  29  31 
 19  20  28  29  31 
 19  20  27  29  31 
 19  20  27  30  36 
 19  18  28  14  32 
 19  20  28  14  32 
 19  20  27  29  31  34 
 19  20  28  29  31  34 
 19  18  28  29  31  34 
 19  20  28  14  32  33 
 19  18  28  14  32  33 
 3  6  7  12  32  33 
 5  6  7  12  32  33 
 3  6  13  12  32  33 
 5  6  13  12  32  33 
 19  20  27  30  36  35 
Vertice de origem 5 nCaminhos 68
 4 
 6 
 17 
 4  1 
 4  3 
 4  19 
 6  3 
 6  7 
 6  13 
 6  16 
 17  18 
 4  1  0 
 4  1  2 
 6  3  0 
 4  3  0 
 6  3  2 
 4  3  2 
 6  3  9 
 4  3  9 
 6  7  8 
 6  7  12 
 6  13  15 
 17  18  28 
 4  19  20 
 6  13  12 
 6  16  15 
 6  7  8  11 
 4  3  9  10 
 6  3  9  10 
 6  13  12  11 
 6  7  12  11 
 6  13  12  32 
 6  7  12  32 
 6  16  15  14 
 6  13  15  14 
 4  19  20  21 
 4  19  20  25 
 4  19  20  27 
 17  18  28  14 
 17  18  28  29 
 4  19  20  21  22 
 4  19  20  21  23 
 4  19  20  25  24 
 4  19  20  25  26 
 4  19  20  27  30 
 17  18  28  29  31 
 6  7  12  32  33 
 6  13  12  32  33 
 6  7  12  32  31 
 6  13  12  32  31 
 4  19  20  27  30  36 
 6  13  12  32  31  34 
 6  7  12  32  31  34 
 17  18  28  29  31  34 
 6  13  12  32  31  36 
 6  7  12  32  31  36 
 17  18  28  29  31  36 
 6  13  12  32  33  34 
 6  7  12  32  33  34 
 6  7  12  32  33  34  35 
 6  13  12  32  33  34  35 
 17  18  28  29  31  34  35 
 6  7  12  32  31  34  35 
 6  13  12  32  31  34  35 
 17  18  28  29  31  36  35 
 6  7  12  32  31  36  35 
 6  13  12  32  31  36  35 
 4  19  20  27  30  36  35 
Vertice de origem 6 nCaminhos 90
 3 
 5 
 7 
 13 
 16 
 3  0 
 3  2 
 3  4 
 3  9 
 5  4 
 5  17 
 7  8 
 7  12 
 13  15 
 16  18 
 13  12 
 16  15 
 3  0  1 
 5  4  19 
 3  4  19 
 7  8  11 
 3  9  10 
 13  12  11 
 7  12  11 
 13  12  32 
 7  12  32 
 16  15  14 
 13  15  14 
 16  18  19 
 16  18  28 
 3  2  1 
 5  4  1 
 3  4  1 
 16  18  19  20 
 3  4  19  20 
 5  4  19  20 
 16  18  28  29 
 7  12  32  31 
 13  12  32  31 
 7  12  32  33 
 13  12  32  33 
 16  18  28  20 
 16  18  28  20  21 
 5  4  19  20  21 
 3  4  19  20  21 
 16  18  19  20  21 
 16  18  28  20  25 
 5  4  19  20  25 
 3  4  19  20  25 
 16  18  19  20  25 
 16  18  28  20  27 
 5  4  19  20  27 
 3  4  19  20  27 
 16  18  19  20  27 
 13  12  32  31  34 
 7  12  32  31  34 
 13  12  32  31  36 
 7  12  32  31  36 
 13  12  32  33  34 
 7  12  32  33  34 
 16  18  28  29  27 
 16  18  19  20  21  22 
 3  4  19  20  21  22 
 5  4  19  20  21  22 
 16  18  28  20  21  22 
 16  18  19  20  21  23 
 3  4  19  20  21  23 
 5  4  19  20  21  23 
 16  18  28  20  21  23 
 16  18  19  20  25  24 
 3  4  19  20  25  24 
 5  4  19  20  25  24 
 16  18  28  20  25  24 
 16  18  19  20  25  26 
 3  4  19  20  25  26 
 5  4  19  20  25  26 
 16  18  28  20  25  26 
 16  18  28  29  27  30 
 16  18  19  20  27  30 
 3  4  19  20  27  30 
 5  4  19  20  27  30 
 16  18  28  20  27  30 
 7  12  32  33  34  35 
 13  12  32  33  34  35 
 7  12  32  31  34  35 
 13  12  32  31  34  35 
 7  12  32  31  36  30 
 13  12  32  31  36  30 
 7  12  32  31  36  35 
 13  12  32  31  36  35 
Vertice de origem 7 nCaminhos 76
 6 
 8 
 12 
 6  3 
 6  5 
 6  13 
 6  16 
 8  9 
 8  11 
 12  13 
 12  32 
 12  11 
 6  3  0 
 6  3  2 
 6  3  4 
 6  5  17 
 8  9  10 
 12  13  15 
 6  13  15 
 6  16  18 
 12  32  14 
 12  32  31 
 12  32  33 
 6  5  4 
 12  11  10 
 8  11  10 
 6  16  15 
 6  3  0  1 
 6  5  4  19 
 6  3  4  19 
 12  32  14  28 
 6  16  18  19 
 6  16  18  28 
 12  32  31  29 
 12  32  31  34 
 12  32  31  36 
 12  32  33  34 
 6  3  2  1 
 6  5  4  1 
 6  3  4  1 
 6  16  18  19  20 
 6  3  4  19  20 
 6  5  4  19  20 
 12  32  31  29  27 
 12  32  33  34  35 
 12  32  31  34  35 
 12  32  31  36  30 
 12  32  31  36  35 
 6  16  18  28  20 
 12  32  14  28  20 
 12  32  14  28  20  21 
 6  16  18  28  20  21 
 6  5  4  19  20  21 
 6  3  4  19  20  21 
 6  16  18  19  20  21 
 12  32  14  28  20  25 
 6  16  18  28  20  25 
 6  5  4  19  20  25 
 6  3  4  19  20  25 
 6  16  18  19  20  25 
 12  32  31  36  30  26 
 6  16  18  19  20  21  22 
 6  3  4  19  20  21  22 
 6  5  4  19  20  21  22 
 6  16  18  28  20  21  22 
 12  32  14  28  20  21  22 
 6  16  18  19  20  21  23 
 6  3  4  19  20  21  23 
 6  5  4  19  20  21  23 
 6  16  18  28  20  21  23 
 12  32  14  28  20  21  23 
 6  16  18  19  20  25  24 
 6  3  4  19  20  25  24 
 6  5  4  19  20  25  24 
 6  16  18  28  20  25  24 
 12  32  14  28  20  25  24 
Vertice de origem 8 nCaminhos 66
 7 
 9 
 11 
 7  6 
 7  12 
 9  3 
 9  10 
 11  12 
 11  10 
 9  3  0 
 9  3  2 
 9  3  4 
 7  6  5 
 7  6  13 
 7  6  16 
 11  12  13 
 7  12  13 
 11  12  32 
 7  12  32 
 9  3  0  1 
 9  3  4  19 
 7  6  5  17 
 7  12  13  15 
 11  12  13  15 
 7  6  13  15 
 7  6  16  18 
 7  12  32  14 
 11  12  32  14 
 7  12  32  31 
 11  12  32  31 
 7  12  32  33 
 11  12  32  33 
 9  3  2  1 
 9  3  4  1 
 7  6  16  15 
 11  12  32  14  28 
 7  12  32  14  28 
 9  3  4  19  20 
 11  12  32  31  29 
 7  12  32  31  29 
 11  12  32  31  34 
 7  12  32  31  34 
 11  12  32  31  36 
 7  12  32  31  36 
 11  12  32  33  34 
 7  12  32  33  34 
 7  6  16  18  28 
 9  3  4  19  20  21 
 9  3  4  19  20  25 
 9  3  4  19  20  27 
 7  12  32  33  34  35 
 11  12  32  33  34  35 
 7  12  32  31  34  35 
 11  12  32  31  34  35 
 7  12  32  31  36  30 
 11  12  32  31  36  30 
 7  12  32  31  36  35 
 11  12  32  31  36  35 
 7  12  32  31  29  27 
 11  12  32  31  29  27 
 9  3  4  19  20  21  22 
 9  3  4  19  20  21  23 
 9  3  4  19  20  25  24 
 9  3  4  19  20  25  26 
 11  12  32  31  36  30  26 
 7  12  32  31  36  30  26 
Vertice de origem 9 nCaminhos 78
 3 
 8 
 10 
 3  0 
 3  2 
 3  4 
 3  6 
 8  7 
 8  11 
 10  11 
 3  0  1 
 3  4  5 
 3  4  19 
 3  6  5 
 3  6  13 
 3  6  16 
 8  7  12 
 3  2  1 
 3  4  1 
 10  11  12 
 8  11  12 
 3  6  5  17 
 3  4  5  17 
 8  11  12  32 
 10  11  12  32 
 8  7  12  32 
 3  6  13  15 
 3  6  16  18 
 3  4  19  20 
 3  6  16  15 
 3  4  19  18 
 3  6  16  15  14 
 3  6  13  15  14 
 3  4  19  18  28 
 3  6  16  18  28 
 3  4  19  20  21 
 3  4  19  20  25 
 3  4  19  20  27 
 3  4  19  20  28 
 8  7  12  32  14 
 10  11  12  32  14 
 8  11  12  32  14 
 8  7  12  32  31 
 10  11  12  32  31 
 8  11  12  32  31 
 8  7  12  32  33 
 10  11  12  32  33 
 8  11  12  32  33 
 3  4  19  20  21  22 
 3  4  19  20  21  23 
 3  4  19  20  25  24 
 3  4  19  20  25  26 
 3  4  19  20  27  29 
 3  4  19  20  27  30 
 3  4  19  20  28  29 
 3  6  16  18  28  29 
 3  4  19  18  28  29 
 8  11  12  32  31  34 
 10  11  12  32  31  34 
 8  7  12  32  31  34 
 8  11  12  32  31  36 
 10  11  12  32  31  36 
 8  7  12  32  31  36 
 8  11  12  32  33  34 
 10  11  12  32  33  34 
 8  7  12  32  33  34 
 8  11  12  32  31  29 
 10  11  12  32  31  29 
 8  7  12  32  31  29 
 8  7  12  32  33  34  35 
 10  11  12  32  33  34  35 
 8  11  12  32  33  34  35 
 8  7  12  32  31  34  35 
 10  11  12  32  31  34  35 
 8  11  12  32  31  34  35 
 8  7  12  32  31  36  35 
 10  11  12  32  31  36  35 
 8  11  12  32  31  36  35 
Vertice de origem 10 nCaminhos 49
 9 
 11 
 9  3 
 9  8 
 11  12 
 11  8 
 9  3  0 
 9  3  2 
 9  3  4 
 9  3  6 
 11  8  7 
 9  8  7 
 11  12  13 
 11  12  32 
 11  12  7 
 9  3  0  1 
 9  3  4  5 
 9  3  4  19 
 9  3  6  5 
 9  3  6  16 
 11  12  13  15 
 11  12  32  14 
 11  12  32  31 
 11  12  32  33 
 9  3  2  1 
 9  3  4  1 
 9  3  6  5  17 
 9  3  4  5  17 
 11  12  32  14  28 
 9  3  6  16  18 
 9  3  4  19  20 
 11  12  32  31  29 
 11  12  32  31  34 
 11  12  32  31  36 
 11  12  32  33  34 
 9  3  4  19  18 
 9  3  4  19  20  21 
 9  3  4  19  20  25 
 9  3  4  19  20  27 
 11  12  32  33  34  35 
 11  12  32  31  34  35 
 11  12  32  31  36  30 
 11  12  32  31  36  35 
 11  12  32  31  29  27 
 9  3  4  19  20  21  22 
 9  3  4  19  20  21  23 
 9  3  4  19  20  25  24 
 9  3  4  19  20  25  26 
 11  12  32  31  36  30  26 
Vertice de origem 11 nCaminhos 64
 8 
 10 
 12 
 8  7 
 8  9 
 12  7 
 12  13 
 12  32 
 10  9 
 12  7  6 
 8  7  6 
 10  9  3 
 8  9  3 
 12  13  6 
 12  13  15 
 12  32  14 
 12  32  31 
 12  32  33 
 8  9  3  0 
 10  9  3  0 
 8  9  3  2 
 10  9  3  2 
 8  9  3  4 
 10  9  3  4 
 12  13  6  5 
 8  7  6  5 
 12  7  6  5 
 12  13  6  16 
 8  7  6  16 
 12  7  6  16 
 12  32  14  28 
 12  13  15  16 
 12  32  31  29 
 12  32  31  34 
 12  32  31  36 
 12  32  33  34 
 10  9  3  0  1 
 8  9  3  0  1 
 10  9  3  4  19 
 8  9  3  4  19 
 12  7  6  5  17 
 8  7  6  5  17 
 12  13  6  5  17 
 12  13  15  16  18 
 12  7  6  16  18 
 8  7  6  16  18 
 12  13  6  16  18 
 12  32  14  28  20 
 12  32  31  29  27 
 12  32  33  34  35 
 12  32  31  34  35 
 12  32  31  36  30 
 12  32  31  36  35 
 10  9  3  2  1 
 8  9  3  2  1 
 10  9  3  4  1 
 8  9  3  4  1 
 12  32  14  28  18 
 12  32  14  28  20  21 
 12  32  14  28  20  25 
 12  32  31  36  30  26 
 12  32  14  28  20  21  22 
 12  32  14  28  20  21  23 
 12  32  14  28  20  25  24 
Vertice de origem 12 nCaminhos 71
 7 
 11 
 13 
 32 
 7  6 
 7  8 
 11  10 
 13  6 
 13  15 
 32  14 
 32  31 
 32  33 
 11  8 
 13  6  3 
 7  6  3 
 13  6  5 
 7  6  5 
 13  6  16 
 7  6  16 
 11  8  9 
 7  8  9 
 32  14  28 
 13  15  16 
 32  31  29 
 32  31  34 
 32  31  36 
 32  33  34 
 11  10  9 
 7  6  3  0 
 13  6  3  0 
 7  6  3  2 
 13  6  3  2 
 7  6  3  4 
 13  6  3  4 
 7  6  5  17 
 13  6  5  17 
 13  15  16  18 
 7  6  16  18 
 13  6  16  18 
 32  14  28  20 
 32  31  29  27 
 32  33  34  35 
 32  31  34  35 
 32  31  36  30 
 32  31  36  35 
 7  6  5  4 
 13  6  5  4 
 32  14  28  18 
 13  6  3  0  1 
 7  6  3  0  1 
 13  6  5  4  19 
 7  6  5  4  19 
 13  6  3  4  19 
 7  6  3  4  19 
 32  14  28  20  21 
 32  14  28  20  25 
 32  31  36  30  26 
 13  6  3  2  1 
 7  6  3  2  1 
 13  6  5  4  1 
 7  6  5  4  1 
 13  6  3  4  1 
 7  6  3  4  1 
 32  14  28  18  19 
 13  6  16  18  19 
 7  6  16  18  19 
 13  15  16  18  19 
 32  14  28  20  19 
 32  14  28  20  21  22 
 32  14  28  20  21  23 
 32  14  28  20  25  24 
Vertice de origem 13 nCaminhos 55
 6 
 12 
 15 
 6  3 
 6  5 
 6  7 
 6  16 
 12  7 
 12  11 
 12  32 
 15  14 
 15  16 
 6  3  0 
 6  3  2 
 6  3  4 
 6  3  9 
 6  5  4 
 6  5  17 
 12  7  8 
 6  7  8 
 12  11  10 
 15  14  28 
 15  16  18 
 6  16  18 
 12  32  31 
 12  32  33 
 12  11  8 
 6  3  0  1 
 6  5  4  19 
 6  3  4  19 
 15  14  28  20 
 15  14  28  29 
 12  32  31  34 
 12  32  31  36 
 12  32  33  34 
 6  3  2  1 
 6  5  4  1 
 6  3  4  1 
 6  16  18  19 
 15  16  18  19 
 12  32  31  29 
 15  14  28  20  21 
 15  14  28  20  25 
 15  14  28  20  27 
 12  32  33  34  35 
 12  32  31  34  35 
 12  32  31  36  30 
 12  32  31  36  35 
 12  32  31  29  27 
 15  14  28  29  27 
 15  14  28  20  21  22 
 15  14  28  20  21  23 
 15  14  28  20  25  24 
 15  14  28  20  25  26 
 12  32  31  36  30  26 
Vertice de origem 14 nCaminhos 56
 15 
 28 
 32 
 15  13 
 15  16 
 28  18 
 28  20 
 28  29 
 32  12 
 32  31 
 32  33 
 32  12  7 
 32  12  11 
 15  13  6 
 28  18  17 
 28  18  19 
 28  20  21 
 28  20  25 
 28  20  27 
 32  31  34 
 32  31  36 
 32  33  34 
 15  16  6 
 28  20  19 
 28  29  27 
 15  16  6  3 
 15  13  6  3 
 15  16  6  5 
 15  13  6  5 
 32  12  7  8 
 32  12  11  10 
 28  18  17  5 
 28  20  19  4 
 28  18  19  4 
 28  20  21  22 
 28  20  21  23 
 28  20  25  24 
 28  20  25  26 
 28  29  27  30 
 28  20  27  30 
 32  33  34  35 
 32  31  34  35 
 32  31  36  30 
 32  31  36  35 
 32  12  11  8 
 15  13  6  3  0 
 15  16  6  3  0 
 15  13  6  3  2 
 15  16  6  3  2 
 15  13  6  3  9 
 15  16  6  3  9 
 28  18  19  4  1 
 28  20  19  4  1 
 32  12  11  8  9 
 32  12  7  8  9 
 32  12  11  10  9 
Vertice de origem 15 nCaminhos 65
 13 
 14 
 16 
 13  6 
 13  12 
 14  28 
 14  32 
 16  6 
 16  18 
 16  6  3 
 13  6  3 
 16  6  5 
 13  6  5 
 16  6  7 
 13  6  7 
 13  12  11 
 16  18  17 
 16  18  19 
 14  28  20 
 14  28  29 
 14  32  31 
 14  32  33 
 13  12  7 
 13  6  3  0 
 16  6  3  0 
 13  6  3  2 
 16  6  3  2 
 13  6  3  4 
 16  6  3  4 
 13  6  3  9 
 16  6  3  9 
 13  6  5  4 
 16  6  5  4 
 13  12  7  8 
 13  6  7  8 
 16  6  7  8 
 13  12  11  10 
 16  18  19  4 
 14  28  20  21 
 14  28  20  25 
 14  28  20  27 
 14  32  31  34 
 14  32  31  36 
 14  32  33  34 
 13  12  11  8 
 14  28  29  27 
 16  6  3  0  1 
 13  6  3  0  1 
 14  28  20  21  22 
 14  28  20  21  23 
 14  28  20  25  24 
 14  28  20  25  26 
 14  28  29  27  30 
 14  28  20  27  30 
 14  32  33  34  35 
 14  32  31  34  35 
 14  32  31  36  30 
 14  32  31  36  35 
 16  6  3  2  1 
 13  6  3  2  1 
 16  18  19  4  1 
 16  6  5  4  1 
 13  6  5  4  1 
 16  6  3  4  1 
 13  6  3  4  1 
Vertice de origem 16 nCaminhos 67
 6 
 15 
 18 
 6  3 
 6  5 
 6  7 
 6  13 
 15  14 
 18  17 
 18  19 
 18  28 
 15  13 
 6  3  0 
 6  3  2 
 6  3  4 
 6  3  9 
 6  5  4 
 6  7  8 
 6  7  12 
 15  14  32 
 18  19  4 
 18  19  20 
 18  28  29 
 15  13  12 
 6  13  12 
 18  28  20 
 6  3  0  1 
 6  7  8  11 
 6  3  9  10 
 6  13  12  11 
 15  13  12  11 
 6  7  12  11 
 18  28  20  21 
 18  19  20  21 
 18  28  20  25 
 18  19  20  25 
 18  28  20  27 
 18  19  20  27 
 18  28  29  31 
 15  14  32  33 
 6  3  2  1 
 18  19  4  1 
 6  5  4  1 
 6  3  4  1 
 18  28  29  27 
 15  14  32  31 
 18  19  20  21  22 
 18  28  20  21  22 
 18  19  20  21  23 
 18  28  20  21  23 
 18  19  20  25  24 
 18  28  20  25  24 
 18  19  20  25  26 
 18  28  20  25  26 
 18  28  29  27  30 
 18  19  20  27  30 
 18  28  20  27  30 
 15  14  32  31  34 
 18  28  29  31  34 
 15  14  32  31  36 
 18  28  29  31  36 
 15  14  32  33  34 
 15  14  32  33  34  35 
 18  28  29  31  34  35 
 15  14  32  31  34  35 
 18  28  29  31  36  35 
 15  14  32  31  36  35 
Vertice de origem 17 nCaminhos 58
 5 
 18 
 5  4 
 5  6 
 18  16 
 18  19 
 18  28 
 5  4  1 
 5  4  3 
 5  6  7 
 5  6  13 
 18  16  15 
 18  19  20 
 18  28  14 
 18  28  20 
 18  28  29 
 5  6  3 
 5  4  1  0 
 5  4  1  2 
 5  6  3  0 
 5  4  3  0 
 5  6  3  2 
 5  4  3  2 
 5  6  3  9 
 5  4  3  9 
 5  6  7  8 
 5  6  7  12 
 18  28  14  32 
 18  28  20  21 
 18  19  20  21 
 18  28  20  25 
 18  19  20  25 
 18  28  20  27 
 18  19  20  27 
 18  28  29  31 
 5  6  13  12 
 18  28  29  27 
 5  6  7  8  11 
 5  4  3  9  10 
 5  6  3  9  10 
 5  6  13  12  11 
 5  6  7  12  11 
 18  19  20  21  22 
 18  28  20  21  22 
 18  19  20  21  23 
 18  28  20  21  23 
 18  19  20  25  24 
 18  28  20  25  24 
 18  19  20  25  26 
 18  28  20  25  26 
 18  28  29  27  30 
 18  19  20  27  30 
 18  28  20  27  30 
 18  28  29  31  34 
 18  28  29  31  36 
 18  28  14  32  33 
 18  28  29  31  34  35 
 18  28  29  31  36  35 
Vertice de origem 18 nCaminhos 63
 16 
 17 
 19 
 28 
 16  6 
 16  15 
 17  5 
 19  4 
 19  20 
 28  14 
 28  20 
 28  29 
 19  4  1 
 19  4  3 
 16  6  7 
 16  6  13 
 28  14  32 
 16  15  13 
 28  20  21 
 19  20  21 
 28  20  25 
 19  20  25 
 28  20  27 
 19  20  27 
 28  29  31 
 16  6  3 
 28  29  27 
 19  4  1  0 
 19  4  1  2 
 16  6  3  0 
 19  4  3  0 
 16  6  3  2 
 19  4  3  2 
 16  6  3  9 
 19  4  3  9 
 16  6  7  8 
 16  6  7  12 
 19  20  21  22 
 28  20  21  22 
 19  20  21  23 
 28  20  21  23 
 19  20  25  24 
 28  20  25  24 
 19  20  25  26 
 28  20  25  26 
 28  29  27  30 
 19  20  27  30 
 28  20  27  30 
 28  29  31  34 
 28  29  31  36 
 28  14  32  12 
 28  14  32  33 
 16  15  13  12 
 16  6  13  12 
 16  6  7  8  11 
 19  4  3  9  10 
 16  6  3  9  10 
 16  6  13  12  11 
 16  15  13  12  11 
 28  14  32  12  11 
 16  6  7  12  11 
 28  29  31  34  35 
 28  29  31  36  35 
Vertice de origem 19 nCaminhos 64
 4 
 18 
 20 
 4  1 
 4  3 
 4  5 
 18  16 
 18  17 
 18  28 
 20  21 
 20  25 
 20  27 
 20  28 
 4  1  0 
 4  1  2 
 4  3  0 
 4  3  2 
 4  3  6 
 4  3  9 
 4  5  6 
 18  16  15 
 20  21  22 
 20  21  23 
 20  25  24 
 20  25  26 
 20  27  29 
 20  27  30 
 20  28  14 
 18  28  14 
 20  28  29 
 18  28  29 
 18  16  6 
 18  16  6  7 
 4  5  6  7 
 4  3  6  7 
 18  16  6  13 
 4  5  6  13 
 4  3  6  13 
 4  3  9  8 
 4  3  9  10 
 18  28  14  32 
 20  28  14  32 
 18  16  15  13 
 18  28  29  31 
 20  28  29  31 
 20  27  29  31 
 20  27  30  36 
 4  3  6  7  12 
 4  5  6  7  12 
 18  16  6  7  12 
 4  3  9  8  11 
 18  16  15  13  12 
 4  3  6  13  12 
 4  5  6  13  12 
 18  16  6  13  12 
 20  27  29  31  34 
 20  28  29  31  34 
 18  28  29  31  34 
 20  28  14  32  12 
 18  28  14  32  12 
 20  28  14  32  33 
 18  28  14  32  33 
 20  27  30  36  35 
 4  3  9  10  11 
Vertice de origem 20 nCaminhos 51
 19 
 21 
 25 
 27 
 28 
 19  4 
 19  18 
 21  22 
 21  23 
 25  24 
 25  26 
 27  29 
 27  30 
 28  14 
 28  18 
 28  29 
 19  4  1 
 19  4  3 
 19  4  5 
 28  14  15 
 28  14  32 
 28  18  16 
 19  18  16 
 28  18  17 
 19  18  17 
 28  29  31 
 27  29  31 
 27  30  36 
 19  4  1  0 
 19  4  1  2 
 19  4  3  0 
 19  4  3  2 
 19  4  3  6 
 19  4  3  9 
 19  4  5  6 
 28  14  15  13 
 19  18  16  6 
 28  18  16  6 
 27  29  31  34 
 28  29  31  34 
 28  14  32  12 
 28  14  32  33 
 27  30  36  35 
 28  18  16  6  7 
 19  18  16  6  7 
 19  4  5  6  7 
 19  4  3  6  7 
 19  4  3  9  8 
 19  4  3  9  10 
 28  14  32  12  7 
 28  14  32  12  11 
Vertice de origem 21 nCaminhos 52
 20 
 22 
 23 
 20  19 
 20  25 
 20  27 
 20  28 
 22  24 
 23  24 
 20  19  4 
 20  19  18 
 20  25  26 
 20  27  29 
 20  27  30 
 20  28  14 
 20  28  18 
 20  28  29 
 20  19  4  1 
 20  19  4  3 
 20  19  4  5 
 20  28  14  15 
 20  28  14  32 
 20  28  18  16 
 20  19  18  16 
 20  28  18  17 
 20  19  18  17 
 20  28  29  31 
 20  27  29  31 
 20  27  30  36 
 20  19  4  1  0 
 20  19  4  1  2 
 20  19  4  3  0 
 20  19  4  3  2 
 20  19  4  3  6 
 20  19  4  3  9 
 20  19  4  5  6 
 20  28  14  15  13 
 20  19  18  16  6 
 20  28  18  16  6 
 20  27  29  31  34 
 20  28  29  31  34 
 20  28  14  32  12 
 20  28  14  32  33 
 20  27  30  36  35 
 20  28  18  16  6  7 
 20  19  18  16  6  7 
 20  19  4  5  6  7 
 20  19  4  3  6  7 
 20  19  4  3  9  8 
 20  19  4  3  9  10 
 20  28  14  32  12  7 
 20  28  14  32  12  11 
Vertice de origem 22 nCaminhos 55
 21 
 24 
 21  20 
 21  23 
 24  25 
 24  23 
 21  20  19 
 21  20  27 
 21  20  28 
 24  25  26 
 21  20  19  4 
 21  20  19  18 
 24  25  26  30 
 21  20  27  29 
 21  20  27  30 
 21  20  28  14 
 21  20  28  18 
 21  20  28  29 
 21  20  19  4  1 
 21  20  19  4  3 
 21  20  19  4  5 
 21  20  28  14  15 
 21  20  28  14  32 
 21  20  28  18  16 
 21  20  19  18  16 
 21  20  28  18  17 
 21  20  19  18  17 
 21  20  28  29  31 
 21  20  27  29  31 
 21  20  27  30  36 
 24  25  26  30  36 
 21  20  19  4  1  0 
 21  20  19  4  1  2 
 21  20  19  4  3  0 
 21  20  19  4  3  2 
 21  20  19  4  3  6 
 21  20  19  4  3  9 
 21  20  19  4  5  6 
 21  20  28  14  15  13 
 21  20  19  18  16  6 
 21  20  28  18  16  6 
 21  20  27  29  31  34 
 21  20  28  29  31  34 
 21  20  28  14  32  12 
 21  20  28  14  32  33 
 24  25  26  30  36  35 
 21  20  27  30  36  35 
 21  20  28  18  16  6  7 
 21  20  19  18  16  6  7 
 21  20  19  4  5  6  7 
 21  20  19  4  3  6  7 
 21  20  19  4  3  9  8 
 21  20  19  4  3  9  10 
 21  20  28  14  32  12  7 
 21  20  28  14  32  12  11 
Vertice de origem 23 nCaminhos 55
 21 
 24 
 21  20 
 21  22 
 24  25 
 24  22 
 21  20  19 
 21  20  27 
 21  20  28 
 24  25  26 
 21  20  19  4 
 21  20  19  18 
 24  25  26  30 
 21  20  27  29 
 21  20  27  30 
 21  20  28  14 
 21  20  28  18 
 21  20  28  29 
 21  20  19  4  1 
 21  20  19  4  3 
 21  20  19  4  5 
 21  20  28  14  15 
 21  20  28  14  32 
 21  20  28  18  16 
 21  20  19  18  16 
 21  20  28  18  17 
 21  20  19  18  17 
 21  20  28  29  31 
 21  20  27  29  31 
 21  20  27  30  36 
 24  25  26  30  36 
 21  20  19  4  1  0 
 21  20  19  4  1  2 
 21  20  19  4  3  0 
 21  20  19  4  3  2 
 21  20  19  4  3  6 
 21  20  19  4  3  9 
 21  20  19  4  5  6 
 21  20  28  14  15  13 
 21  20  19  18  16  6 
 21  20  28  18  16  6 
 21  20  27  29  31  34 
 21  20  28  29  31  34 
 21  20  28  14  32  12 
 21  20  28  14  32  33 
 24  25  26  30  36  35 
 21  20  27  30  36  35 
 21  20  28  18  16  6  7 
 21  20  19  18  16  6  7 
 21  20  19  4  5  6  7 
 21  20  19  4  3  6  7 
 21  20  19  4  3  9  8 
 21  20  19  4  3  9  10 
 21  20  28  14  32  12  7 
 21  20  28  14  32  12  11 
Vertice de origem 24 nCaminhos 55
 22 
 23 
 25 
 22  21 
 25  20 
 25  26 
 23  21 
 25  20  19 
 25  20  27 
 25  20  28 
 25  26  30 
 25  20  19  4 
 25  20  19  18 
 25  20  27  29 
 25  20  28  14 
 25  20  28  18 
 25  20  28  29 
 25  26  30  36 
 25  20  19  4  1 
 25  20  19  4  3 
 25  20  19  4  5 
 25  20  28  14  15 
 25  20  28  14  32 
 25  20  28  18  16 
 25  20  19  18  16 
 25  20  28  18  17 
 25  20  19  18  17 
 25  20  28  29  31 
 25  20  27  29  31 
 25  26  30  36  35 
 25  26  30  36  31 
 25  20  19  4  1  0 
 25  20  19  4  1  2 
 25  20  19  4  3  0 
 25  20  19  4  3  2 
 25  20  19  4  3  6 
 25  20  19  4  3  9 
 25  20  19  4  5  6 
 25  20  28  14  15  13 
 25  20  19  18  16  6 
 25  20  28  18  16  6 
 25  26  30  36  31  34 
 25  20  27  29  31  34 
 25  20  28  29  31  34 
 25  20  28  14  32  12 
 25  20  28  14  32  33 
 25  26  30  36  35  34 
 25  20  28  18  16  6  7 
 25  20  19  18  16  6  7 
 25  20  19  4  5  6  7 
 25  20  19  4  3  6  7 
 25  20  19  4  3  9  8 
 25  20  19  4  3  9  10 
 25  20  28  14  32  12  7 
 25  20  28  14  32  12  11 
Vertice de origem 25 nCaminhos 54
 20 
 24 
 26 
 20  19 
 20  21 
 20  27 
 20  28 
 24  22 
 24  23 
 26  30 
 20  19  4 
 20  19  18 
 20  27  29 
 20  28  14 
 20  28  18 
 20  28  29 
 26  30  36 
 20  19  4  1 
 20  19  4  3 
 20  19  4  5 
 20  28  14  15 
 20  28  14  32 
 20  28  18  16 
 20  19  18  16 
 20  28  18  17 
 20  19  18  17 
 20  28  29  31 
 20  27  29  31 
 26  30  36  35 
 26  30  36  31 
 20  19  4  1  0 
 20  19  4  1  2 
 20  19  4  3  0 
 20  19  4  3  2 
 20  19  4  3  6 
 20  19  4  3  9 
 20  19  4  5  6 
 20  28  14  15  13 
 20  19  18  16  6 
 20  28  18  16  6 
 26  30  36  31  34 
 20  27  29  31  34 
 20  28  29  31  34 
 20  28  14  32  12 
 20  28  14  32  33 
 26  30  36  35  34 
 20  28  18  16  6  7 
 20  19  18  16  6  7 
 20  19  4  5  6  7 
 20  19  4  3  6  7 
 20  19  4  3  9  8 
 20  19  4  3  9  10 
 20  28  14  32  12  7 
 20  28  14  32  12  11 
Vertice de origem 26 nCaminhos 51
 25 
 30 
 25  20 
 25  24 
 30  27 
 30  36 
 25  20  19 
 25  20  21 
 25  20  28 
 25  24  22 
 25  24  23 
 30  27  29 
 30  36  31 
 30  36  35 
 25  20  19  4 
 25  20  19  18 
 25  20  28  14 
 25  20  28  18 
 30  36  31  32 
 30  36  31  34 
 30  36  35  34 
 25  20  19  4  1 
 25  20  19  4  3 
 25  20  19  4  5 
 25  20  28  14  15 
 25  20  28  18  16 
 25  20  19  18  16 
 25  20  28  18  17 
 25  20  19  18  17 
 30  36  31  32  12 
 30  36  31  32  33 
 30  36  35  34  33 
 30  36  31  34  33 
 25  20  19  4  1  0 
 25  20  19  4  1  2 
 25  20  19  4  3  0 
 25  20  19  4  3  2 
 25  20  19  4  3  6 
 25  20  19  4  3  9 
 25  20  19  4  5  6 
 30  36  31  32  12  7 
 30  36  31  32  12  11 
 30  36  31  32  12  13 
 25  20  19  18  16  6 
 25  20  28  18  16  6 
 25  20  28  14  15  13 
 30  36  31  32  12  7  8 
 25  20  19  4  3  9  10 
 30  36  31  32  12  11  8 
 30  36  31  32  12  11  10 
 25  20  19  4  3  9  8 
Vertice de origem 27 nCaminhos 57
 20 
 29 
 30 
 20  19 
 20  21 
 20  25 
 20  28 
 29  31 
 30  26 
 30  36 
 29  28 
 20  19  4 
 20  19  18 
 20  21  22 
 20  21  23 
 20  25  24 
 29  28  14 
 20  28  14 
 29  28  18 
 20  28  18 
 29  31  32 
 29  31  34 
 30  36  35 
 20  19  4  1 
 20  19  4  3 
 20  19  4  5 
 20  28  14  15 
 29  28  14  15 
 20  28  18  16 
 29  28  18  16 
 20  19  18  16 
 20  28  18  17 
 29  28  18  17 
 20  19  18  17 
 29  31  32  12 
 29  31  32  33 
 29  31  34  33 
 20  19  4  1  0 
 20  19  4  1  2 
 20  19  4  3  0 
 20  19  4  3  2 
 20  19  4  3  6 
 20  19  4  3  9 
 20  19  4  5  6 
 29  31  32  12  7 
 29  31  32  12  11 
 29  31  32  12  13 
 20  19  18  16  6 
 29  28  18  16  6 
 20  28  18  16  6 
 29  28  14  15  13 
 20  28  14  15  13 
 29  31  32  12  7  8 
 20  19  4  3  9  10 
 29  31  32  12  11  8 
 29  31  32  12  11  10 
 20  19  4  3  9  8 
Vertice de origem 28 nCaminhos 57
 14 
 18 
 20 
 29 
 14  15 
 14  32 
 18  16 
 18  17 
 18  19 
 20  21 
 20  25 
 20  27 
 29  31 
 20  19 
 29  27 
 14  15  13 
 18  16  6 
 18  17  5 
 20  19  4 
 18  19  4 
 20  21  22 
 20  21  23 
 20  25  24 
 20  25  26 
 29  27  30 
 20  27  30 
 29  31  34 
 29  31  36 
 14  32  12 
 14  32  33 
 18  19  4  1 
 20  19  4  1 
 18  19  4  3 
 20  19  4  3 
 18  16  6  7 
 14  32  12  11 
 29  31  34  35 
 18  16  6  3 
 14  32  12  7 
 29  31  36  35 
 20  19  4  1  0 
 18  19  4  1  0 
 20  19  4  1  2 
 18  19  4  1  2 
 18  16  6  3  0 
 20  19  4  3  0 
 18  19  4  3  0 
 18  16  6  3  2 
 20  19  4  3  2 
 18  19  4  3  2 
 18  16  6  3  9 
 20  19  4  3  9 
 18  19  4  3  9 
 14  32  12  7  8 
 18  16  6  7  8 
 14  32  12  11  10 
 14  32  12  11  8 
Vertice de origem 29 nCaminhos 73
 27 
 28 
 31 
 27  20 
 27  30 
 28  14 
 28  18 
 28  20 
 31  32 
 31  34 
 31  36 
 28  14  15 
 28  18  16 
 28  18  17 
 28  18  19 
 28  20  21 
 27  20  21 
 28  20  25 
 27  20  25 
 27  30  26 
 31  32  12 
 31  32  33 
 31  34  35 
 28  20  19 
 27  20  19 
 31  34  33 
 31  36  35 
 31  32  12  7 
 31  32  12  11 
 31  32  12  13 
 28  18  16  6 
 28  18  17  5 
 27  20  19  4 
 28  20  19  4 
 28  18  19  4 
 27  20  21  22 
 28  20  21  22 
 27  20  21  23 
 28  20  21  23 
 27  20  25  24 
 28  20  25  24 
 28  14  15  13 
 28  18  19  4  1 
 28  20  19  4  1 
 27  20  19  4  1 
 28  18  19  4  3 
 28  20  19  4  3 
 27  20  19  4  3 
 31  32  12  7  8 
 31  32  12  11  10 
 28  18  16  6  3 
 31  32  12  11  8 
 27  20  19  4  1  0 
 28  20  19  4  1  0 
 28  18  19  4  1  0 
 27  20  19  4  1  2 
 28  20  19  4  1  2 
 28  18  19  4  1  2 
 28  18  16  6  3  0 
 27  20  19  4  3  0 
 28  20  19  4  3  0 
 28  18  19  4  3  0 
 28  18  16  6  3  2 
 27  20  19  4  3  2 
 28  20  19  4  3  2 
 28  18  19  4  3  2 
 28  18  16  6  3  9 
 27  20  19  4  3  9 
 28  20  19  4  3  9 
 28  18  19  4  3  9 
 31  32  12  11  8  9 
 31  32  12  7  8  9 
 31  32  12  11  10  9 
Vertice de origem 30 nCaminhos 61
 26 
 27 
 36 
 26  25 
 27  20 
 27  29 
 36  31 
 36  35 
 27  20  19 
 27  20  21 
 27  20  28 
 26  25  24 
 27  29  28 
 36  31  32 
 36  31  34 
 36  35  34 
 27  20  19  4 
 27  20  19  18 
 27  20  21  22 
 27  20  21  23 
 26  25  24  22 
 26  25  24  23 
 27  29  28  14 
 27  20  28  14 
 27  29  28  18 
 27  20  28  18 
 36  31  32  12 
 36  31  32  14 
 36  31  32  33 
 36  35  34  33 
 36  31  34  33 
 27  20  19  4  1 
 27  20  19  4  3 
 27  20  19  4  5 
 36  31  32  12  7 
 36  31  32  12  11 
 36  31  32  12  13 
 36  31  32  14  15 
 27  20  28  14  15 
 27  29  28  14  15 
 27  20  28  18  16 
 27  29  28  18  16 
 27  20  19  18  16 
 27  20  28  18  17 
 27  29  28  18  17 
 27  20  19  18  17 
 27  20  19  4  1  0 
 27  20  19  4  1  2 
 27  20  19  4  3  0 
 27  20  19  4  3  2 
 27  20  19  4  3  6 
 27  20  19  4  3  9 
 27  20  19  4  5  6 
 36  31  32  12  7  8 
 36  31  32  12  11  10 
 36  31  32  12  13  6 
 36  31  32  12  7  6 
 36  31  32  12  11  8 
 27  20  19  18  16  6 
 27  29  28  18  16  6 
 27  20  28  18  16  6 
Vertice de origem 31 nCaminhos 62
 29 
 32 
 34 
 36 
 29  27 
 29  28 
 32  12 
 32  14 
 32  33 
 34  35 
 36  30 
 36  35 
 34  33 
 32  12  7 
 32  12  11 
 32  12  13 
 32  14  15 
 29  27  20 
 29  28  18 
 29  28  20 
 36  30  26 
 32  12  7  6 
 32  12  7  8 
 32  12  11  10 
 32  12  13  6 
 32  14  15  16 
 29  28  18  17 
 29  28  18  19 
 29  28  20  21 
 29  27  20  21 
 29  28  20  25 
 29  27  20  25 
 32  12  11  8 
 29  28  18  16 
 29  28  20  19 
 29  27  20  19 
 36  30  26  25 
 32  12  13  6  3 
 32  12  7  6  3 
 32  12  13  6  5 
 32  12  7  6  5 
 32  12  11  8  9 
 32  12  7  8  9 
 29  28  18  17  5 
 29  27  20  19  4 
 29  28  20  19  4 
 29  28  18  19  4 
 29  27  20  21  22 
 29  28  20  21  22 
 29  27  20  21  23 
 29  28  20  21  23 
 36  30  26  25  24 
 29  27  20  25  24 
 29  28  20  25  24 
 32  12  11  10  9 
 32  12  7  6  3  0 
 32  12  13  6  3  0 
 32  12  7  6  3  2 
 32  12  13  6  3  2 
 29  28  18  19  4  1 
 29  28  20  19  4  1 
 29  27  20  19  4  1 
Vertice de origem 32 nCaminhos 62
 12 
 14 
 31 
 33 
 12  7 
 12  11 
 12  13 
 14  15 
 14  28 
 31  29 
 31  34 
 31  36 
 33  34 
 12  7  6 
 12  7  8 
 12  11  10 
 12  13  6 
 14  15  16 
 14  28  18 
 14  28  20 
 31  29  27 
 33  34  35 
 31  34  35 
 31  36  30 
 31  36  35 
 12  11  8 
 12  13  6  3 
 12  7  6  3 
 12  13  6  5 
 12  7  6  5 
 12  11  8  9 
 12  7  8  9 
 14  28  18  17 
 14  28  18  19 
 14  28  20  21 
 14  28  20  25 
 31  36  30  26 
 12  11  10  9 
 14  28  20  19 
 12  7  6  3  0 
 12  13  6  3  0 
 12  7  6  3  2 
 12  13  6  3  2 
 12  7  6  3  4 
 12  13  6  3  4 
 14  28  20  21  22 
 14  28  20  21  23 
 14  28  20  25  24 
 12  7  6  5  4 
 12  13  6  5  4 
 14  28  20  19  4 
 14  28  18  19  4 
 12  13  6  3  0  1 
 12  7  6  3  0  1 
 12  13  6  3  2  1 
 12  7  6  3  2  1 
 14  28  18  19  4  1 
 14  28  20  19  4  1 
 12  13  6  5  4  1 
 12  7  6  5  4  1 
 12  13  6  3  4  1 
 12  7  6  3  4  1 
Vertice de origem 33 nCaminhos 68
 32 
 34 
 32  12 
 32  14 
 32  31 
 34  35 
 34  31 
 32  12  7 
 32  12  11 
 32  12  13 
 32  14  15 
 32  14  28 
 34  31  29 
 32  31  29 
 34  31  36 
 32  31  36 
 34  35  36 
 32  12  7  6 
 32  12  7  8 
 32  12  11  10 
 32  12  13  6 
 32  14  15  16 
 32  14  28  18 
 32  14  28  20 
 32  31  29  27 
 34  31  29  27 
 34  35  36  30 
 32  31  36  30 
 34  31  36  30 
 32  12  11  8 
 32  12  13  6  3 
 32  12  7  6  3 
 32  12  13  6  5 
 32  12  7  6  5 
 32  12  11  8  9 
 32  12  7  8  9 
 32  14  28  18  17 
 32  14  28  18  19 
 32  14  28  20  21 
 32  14  28  20  25 
 34  31  36  30  26 
 32  31  36  30  26 
 34  35  36  30  26 
 32  12  11  10  9 
 32  14  28  20  19 
 32  12  7  6  3  0 
 32  12  13  6  3  0 
 32  12  7  6  3  2 
 32  12  13  6  3  2 
 32  12  7  6  3  4 
 32  12  13  6  3  4 
 32  14  28  20  21  22 
 32  14  28  20  21  23 
 32  14  28  20  25  24 
 32  12  7  6  5  4 
 32  12  13  6  5  4 
 32  14  28  20  19  4 
 32  14  28  18  19  4 
 32  12  13  6  3  0  1 
 32  12  7  6  3  0  1 
 32  12  13  6  3  2  1 
 32  12  7  6  3  2  1 
 32  14  28  18  19  4  1 
 32  14  28  20  19  4  1 
 32  12  13  6  5  4  1 
 32  12  7  6  5  4  1 
 32  12  13  6  3  4  1 
 32  12  7  6  3  4  1 
Vertice de origem 34 nCaminhos 89
 31 
 33 
 35 
 31  29 
 31  32 
 31  36 
 33  32 
 35  36 
 31  29  27 
 31  29  28 
 33  32  12 
 31  32  12 
 33  32  14 
 31  32  14 
 35  36  30 
 31  36  30 
 31  32  12  7 
 33  32  12  7 
 31  32  12  11 
 33  32  12  11 
 31  32  12  13 
 33  32  12  13 
 31  32  14  15 
 33  32  14  15 
 31  29  27  20 
 31  29  28  18 
 31  29  28  20 
 31  36  30  26 
 35  36  30  26 
 33  32  12  7  6 
 31  32  12  7  6 
 33  32  12  7  8 
 31  32  12  7  8 
 33  32  12  11  10 
 31  32  12  11  10 
 33  32  12  13  6 
 31  32  12  13  6 
 33  32  14  15  16 
 31  32  14  15  16 
 31  29  28  18  17 
 31  29  28  18  19 
 31  29  28  20  21 
 31  29  27  20  21 
 31  29  28  20  25 
 31  29  27  20  25 
 33  32  12  11  8 
 31  32  12  11  8 
 31  29  28  18  16 
 31  29  28  20  19 
 31  29  27  20  19 
 35  36  30  26  25 
 31  36  30  26  25 
 31  32  12  13  6  3 
 33  32  12  13  6  3 
 31  32  12  7  6  3 
 33  32  12  7  6  3 
 31  32  12  13  6  5 
 33  32  12  13  6  5 
 31  32  12  7  6  5 
 33  32  12  7  6  5 
 31  32  12  11  8  9 
 33  32  12  11  8  9 
 31  32  12  7  8  9 
 33  32  12  7  8  9 
 31  29  28  18  17  5 
 31  29  27  20  19  4 
 31  29  28  20  19  4 
 31  29  28  18  19  4 
 31  29  27  20  21  22 
 31  29  28  20  21  22 
 31  29  27  20  21  23 
 31  29  28  20  21  23 
 31  36  30  26  25  24 
 35  36  30  26  25  24 
 31  29  27  20  25  24 
 31  29  28  20  25  24 
 31  32  12  11  10  9 
 33  32  12  11  10  9 
 33  32  12  7  6  3  0 
 31  32  12  7  6  3  0 
 33  32  12  13  6  3  0 
 31  32  12  13  6  3  0 
 33  32  12  7  6  3  2 
 31  32  12  7  6  3  2 
 33  32  12  13  6  3  2 
 31  32  12  13  6  3  2 
 31  29  28  18  19  4  1 
 31  29  28  20  19  4  1 
 31  29  27  20  19  4  1 
Vertice de origem 35 nCaminhos 109
 34 
 36 
 34  31 
 34  33 
 36  30 
 36  31 
 36  30  26 
 36  30  27 
 36  31  29 
 34  31  29 
 36  31  32 
 34  31  32 
 34  33  32 
 36  30  26  25 
 36  30  27  20 
 34  31  29  28 
 36  31  29  28 
 34  33  32  12 
 34  31  32  12 
 36  31  32  12 
 34  33  32  14 
 34  31  32  14 
 36  31  32  14 
 36  31  32  12  7 
 34  31  32  12  7 
 34  33  32  12  7 
 36  31  32  12  11 
 34  31  32  12  11 
 34  33  32  12  11 
 36  31  32  12  13 
 34  31  32  12  13 
 34  33  32  12  13 
 36  31  32  14  15 
 34  31  32  14  15 
 34  33  32  14  15 
 36  30  27  20  19 
 36  30  27  20  21 
 36  30  26  25  24 
 36  31  29  28  18 
 34  31  29  28  18 
 34  33  32  12  7  6 
 34  31  32  12  7  6 
 36  31  32  12  7  6 
 34  33  32  12  7  8 
 34  31  32  12  7  8 
 36  31  32  12  7  8 
 34  33  32  12  11  10 
 34  31  32  12  11  10 
 36  31  32  12  11  10 
 34  33  32  12  13  6 
 34  31  32  12  13  6 
 36  31  32  12  13  6 
 34  33  32  14  15  16 
 34  31  32  14  15  16 
 36  31  32  14  15  16 
 34  31  29  28  18  17 
 36  31  29  28  18  17 
 36  30  27  20  19  4 
 36  30  27  20  21  22 
 36  30  27  20  21  23 
 36  30  26  25  24  22 
 36  30  26  25  24  23 
 34  33  32  12  11  8 
 34  31  32  12  11  8 
 36  31  32  12  11  8 
 34  31  29  28  18  16 
 36  31  29  28  18  16 
 36  30  27  20  19  4  1 
 36  30  27  20  19  4  3 
 36  30  27  20  19  4  5 
 36  31  32  12  13  6  3 
 34  31  32  12  13  6  3 
 34  33  32  12  13  6  3 
 36  31  32  12  7  6  3 
 34  31  32  12  7  6  3 
 34  33  32  12  7  6  3 
 36  31  32  12  13  6  5 
 34  31  32  12  13  6  5 
 34  33  32  12  13  6  5 
 36  31  32  12  7  6  5 
 34  31  32  12  7  6  5 
 34  33  32  12  7  6  5 
 36  31  32  12  11  8  9 
 34  31  32  12  11  8  9 
 34  33  32  12  11  8  9 
 36  31  32  12  7  8  9 
 34  31  32  12  7  8  9 
 34  33  32  12  7  8  9 
 36  31  29  28  18  17  5 
 34  31  29  28  18  17  5 
 36  31  32  12  11  10  9 
 34  31  32  12  11  10  9 
 34  33  32  12  11  10  9 
 36  30  27  20  19  4  1  0 
 36  30  27  20  19  4  1  2 
 34  33  32  12  7  6  3  0 
 34  31  32  12  7  6  3  0 
 36  31  32  12  7  6  3  0 
 34  33  32  12  13  6  3  0 
 34  31  32  12  13  6  3  0 
 36  31  32  12  13  6  3  0 
 36  30  27  20  19  4  3  0 
 34  33  32  12  7  6  3  2 
 34  31  32  12  7  6  3  2 
 36  31  32  12  7  6  3  2 
 34  33  32  12  13  6  3  2 
 34  31  32  12  13  6  3  2 
 36  31  32  12  13  6  3  2 
 36  30  27  20  19  4  3  2 
Vertice de origem 36 nCaminhos 57
 30 
 31 
 35 
 30  26 
 30  27 
 31  29 
 31  32 
 31  34 
 35  34 
 30  26  25 
 30  27  20 
 31  29  28 
 31  32  12 
 31  32  14 
 31  32  33 
 35  34  33 
 31  34  33 
 31  32  12  7 
 31  32  12  11 
 31  32  12  13 
 31  32  14  15 
 30  27  20  19 
 30  27  20  21 
 30  26  25  24 
 31  29  28  18 
 31  32  12  7  6 
 31  32  12  7  8 
 31  32  12  11  10 
 31  32  12  13  6 
 31  32  14  15  16 
 31  29  28  18  17 
 30  27  20  19  4 
 30  27  20  21  22 
 30  27  20  21  23 
 30  26  25  24  22 
 30  26  25  24  23 
 31  32  12  11  8 
 31  29  28  18  16 
 30  27  20  19  4  1 
 30  27  20  19  4  3 
 30  27  20  19  4  5 
 31  32  12  13  6  3 
 31  32  12  7  6  3 
 31  32  12  13  6  5 
 31  32  12  7  6  5 
 31  32  12  11  8  9 
 31  32  12  7  8  9 
 31  29  28  18  17  5 
 31  32  12  11  10  9 
 30  27  20  19  4  1  0 
 30  27  20  19  4  1  2 
 31  32  12  7  6  3  0 
 31  32  12  13  6  3  0 
 30  27  20  19  4  3  0 
 31  32  12  7  6  3  2 
 31  32  12  13  6  3  2 
 30  27  20  19  4  3  2 

Centralidade de Intermediação
cb = 3.488889
cb = 15.907143
cb = 3.488889
cb = 113.029365
cb = 118.215873
cb = 22.653968
cb = 93.624603
cb = 38.180952
cb = 12.469048
cb = 37.500000
cb = 6.176190
cb = 27.102381
cb = 108.321429
cb = 33.243651
cb = 69.038889
cb = 22.394444
cb = 30.996032
cb = 4.338889
cb = 62.999206
cb = 127.953175
cb = 205.248413
cb = 59.500000
cb = 0.500000
cb = 0.500000
cb = 7.500000
cb = 55.333333
cb = 10.666667
cb = 45.515873
cb = 115.920635
cb = 44.915079
cb = 36.670635
cb = 86.102381
cb = 130.110317
cb = 12.607937
cb = 17.060317
cb = 3.000000
cb = 41.725397
centralidade  de intermediação indica o vertice v20
205.248413 20
Media da centralidade de intermediação 49.297297
Media da centralidade de intermediação ponderada = 60.286905
49.297297 < 630.000000

Centralidade de Eficiência

Centralidade de Eficiencia da rede: 0.142857 

 Nó(s) central(is) pela medida de eficiencia :
7
7

Centralidade de Proximidade

A Centralidade de Proximidade da rede é: 1, e o(s) vértice(s) é(são):
0
1
2
3
4
5
6
7
8
9
10
11
12
13
14
15
16
17
18
19
20
21
22
23
24
25
26
27
28
29
30
31
32
33
34
35
36
