grau(0) = 2
grau(1) = 5
grau(2) = 2
grau(3) = 3
grau(4) = 4
grau(5) = 4
grau(6) = 3
grau(7) = 3
grau(8) = 4
grau(9) = 2
grau(10) = 4
grau(11) = 2
grau(12) = 2
grau(13) = 2
grau(14) = 3
grau(15) = 2
grau(16) = 3
grau(17) = 2
grau(18) = 3
grau(19) = 2
grau(20) = 2
grau(21) = 3
grau(22) = 2
grau(23) = 3
grau(24) = 2
grau(25) = 3
Grau médio : 2.769231
Vertice de origem 0 nCaminhos 37
 1 
 25 
 1  2 
 1  4 
 1  24 
 25  21 
 1  2  3 
 1  4  5 
 1  4  16 
 25  21  20 
 25  21  22 
 1  24  23 
 1  4  3 
 1  4  3  6 
 1  2  3  6 
 1  4  5  7 
 1  4  5  14 
 1  4  16  15 
 1  4  16  17 
 25  21  20  19 
 1  24  23  18 
 1  4  5  6 
 1  4  5  6  8 
 1  2  3  6  8 
 1  4  3  6  8 
 1  4  5  7  10 
 1  4  5  14  11 
 1  4  5  14  13 
 1  4  5  7  8 
 1  4  16  15  13 
 1  4  5  7  8  9 
 1  4  3  6  8  9 
 1  2  3  6  8  9 
 1  4  5  6  8  9 
 1  4  5  7  10  12 
 1  4  5  7  10  9 
 1  4  5  14  11  12 
Vertice de origem 1 nCaminhos 39
 0 
 2 
 4 
 24 
 25 
 2  3 
 4  5 
 4  16 
 24  23 
 25  21 
 4  3 
 4  3  6 
 2  3  6 
 4  5  7 
 4  5  14 
 4  16  15 
 4  16  17 
 25  21  20 
 25  21  22 
 24  23  18 
 24  23  22 
 4  5  6 
 4  5  6  8 
 2  3  6  8 
 4  3  6  8 
 4  5  7  10 
 4  5  14  11 
 4  5  14  13 
 24  23  18  19 
 4  5  7  8 
 4  16  15  13 
 25  21  20  19 
 4  5  7  8  9 
 4  3  6  8  9 
 2  3  6  8  9 
 4  5  6  8  9 
 4  5  7  10  12 
 4  5  7  10  9 
 4  5  14  11  12 
Vertice de origem 2 nCaminhos 44
 1 
 3 
 1  0 
 1  4 
 1  24 
 1  25 
 3  4 
 3  6 
 3  4  5 
 1  4  5 
 3  4  16 
 1  4  16 
 3  6  5 
 3  6  8 
 1  24  23 
 1  25  21 
 3  6  5  7 
 1  4  5  7 
 3  4  5  7 
 3  6  5  14 
 1  4  5  14 
 3  4  5  14 
 3  6  8  7 
 3  6  8  9 
 3  6  8  10 
 1  4  16  15 
 3  4  16  15 
 1  4  16  17 
 3  4  16  17 
 1  25  21  20 
 1  25  21  22 
 1  24  23  18 
 1  24  23  22 
 3  6  8  10  12 
 3  4  5  14  11 
 1  4  5  14  11 
 3  6  5  14  11 
 3  4  5  14  13 
 1  4  5  14  13 
 3  6  5  14  13 
 1  24  23  18  19 
 3  4  16  15  13 
 1  4  16  15  13 
 1  25  21  20  19 
Vertice de origem 3 nCaminhos 42
 2 
 4 
 6 
 2  1 
 4  5 
 4  16 
 6  5 
 6  8 
 4  1 
 4  1  0 
 2  1  0 
 4  1  24 
 2  1  24 
 4  1  25 
 2  1  25 
 6  5  7 
 4  5  7 
 6  5  14 
 4  5  14 
 6  8  7 
 6  8  9 
 6  8  10 
 4  16  15 
 4  16  17 
 6  8  10  12 
 4  5  14  11 
 6  5  14  11 
 4  5  14  13 
 6  5  14  13 
 4  16  17  18 
 2  1  24  23 
 4  1  24  23 
 2  1  25  21 
 4  1  25  21 
 4  16  15  13 
 4  16  17  18  19 
 4  1  25  21  20 
 2  1  25  21  20 
 4  1  25  21  22 
 2  1  25  21  22 
 4  1  24  23  22 
 2  1  24  23  22 
Vertice de origem 4 nCaminhos 35
 1 
 3 
 5 
 16 
 1  0 
 1  2 
 1  24 
 1  25 
 3  2 
 3  6 
 5  7 
 5  14 
 16  15 
 16  17 
 5  6 
 5  6  8 
 3  6  8 
 5  7  10 
 5  14  11 
 5  14  13 
 16  17  18 
 1  24  23 
 1  25  21 
 5  7  8 
 16  15  13 
 5  7  8  9 
 3  6  8  9 
 5  6  8  9 
 5  7  10  12 
 16  17  18  19 
 1  25  21  20 
 1  25  21  22 
 5  7  10  9 
 5  14  11  12 
 1  24  23  22 
Vertice de origem 5 nCaminhos 34
 4 
 6 
 7 
 14 
 4  1 
 4  3 
 4  16 
 6  3 
 6  8 
 7  10 
 14  11 
 14  13 
 7  8 
 4  1  0 
 4  1  2 
 4  1  24 
 4  1  25 
 6  3  2 
 4  3  2 
 7  8  9 
 6  8  9 
 7  10  12 
 14  13  15 
 4  16  17 
 7  10  9 
 14  11  12 
 4  16  15 
 4  16  17  18 
 4  1  24  23 
 4  1  25  21 
 4  16  17  18  19 
 4  1  25  21  20 
 4  1  25  21  22 
 4  1  24  23  22 
Vertice de origem 6 nCaminhos 52
 3 
 5 
 8 
 3  2 
 3  4 
 5  7 
 5  14 
 8  7 
 8  9 
 8  10 
 5  4 
 3  2  1 
 5  4  16 
 3  4  16 
 8  10  12 
 5  14  11 
 5  14  13 
 5  4  1 
 3  4  1 
 3  4  1  0 
 5  4  1  0 
 3  2  1  0 
 3  4  1  24 
 5  4  1  24 
 3  2  1  24 
 3  4  1  25 
 5  4  1  25 
 3  2  1  25 
 5  14  13  15 
 3  4  16  17 
 5  4  16  17 
 3  4  16  15 
 5  4  16  15 
 5  4  16  17  18 
 3  4  16  17  18 
 3  2  1  24  23 
 5  4  1  24  23 
 3  4  1  24  23 
 3  2  1  25  21 
 5  4  1  25  21 
 3  4  1  25  21 
 3  4  16  17  18  19 
 5  4  16  17  18  19 
 3  4  1  25  21  20 
 5  4  1  25  21  20 
 3  2  1  25  21  20 
 3  4  1  25  21  22 
 5  4  1  25  21  22 
 3  2  1  25  21  22 
 3  4  1  24  23  22 
 5  4  1  24  23  22 
 3  2  1  24  23  22 
Vertice de origem 7 nCaminhos 35
 5 
 8 
 10 
 5  4 
 5  6 
 5  14 
 8  6 
 8  9 
 10  12 
 10  9 
 5  4  1 
 5  4  3 
 5  4  16 
 8  6  3 
 5  6  3 
 10  12  11 
 5  14  13 
 5  14  11 
 5  4  1  0 
 5  4  1  2 
 5  4  1  24 
 5  4  1  25 
 5  6  3  2 
 8  6  3  2 
 5  4  3  2 
 5  14  13  15 
 5  4  16  17 
 5  4  16  15 
 5  4  16  17  18 
 5  4  1  24  23 
 5  4  1  25  21 
 5  4  16  17  18  19 
 5  4  1  25  21  20 
 5  4  1  25  21  22 
 5  4  1  24  23  22 
Vertice de origem 8 nCaminhos 70
 6 
 7 
 9 
 10 
 6  3 
 6  5 
 10  12 
 7  5 
 6  3  2 
 6  3  4 
 7  5  14 
 6  5  14 
 10  12  11 
 7  5  4 
 6  5  4 
 6  3  2  1 
 6  5  4  16 
 7  5  4  16 
 6  3  4  16 
 6  5  14  13 
 7  5  14  13 
 6  5  4  1 
 7  5  4  1 
 6  3  4  1 
 6  3  4  1  0 
 7  5  4  1  0 
 6  5  4  1  0 
 6  3  2  1  0 
 6  3  4  1  24 
 7  5  4  1  24 
 6  5  4  1  24 
 6  3  2  1  24 
 6  3  4  1  25 
 7  5  4  1  25 
 6  5  4  1  25 
 6  3  2  1  25 
 7  5  14  13  15 
 6  5  14  13  15 
 6  3  4  16  17 
 7  5  4  16  17 
 6  5  4  16  17 
 6  3  4  16  15 
 7  5  4  16  15 
 6  5  4  16  15 
 6  5  4  16  17  18 
 7  5  4  16  17  18 
 6  3  4  16  17  18 
 6  3  2  1  24  23 
 6  5  4  1  24  23 
 7  5  4  1  24  23 
 6  3  4  1  24  23 
 6  3  2  1  25  21 
 6  5  4  1  25  21 
 7  5  4  1  25  21 
 6  3  4  1  25  21 
 6  3  4  16  17  18  19 
 7  5  4  16  17  18  19 
 6  5  4  16  17  18  19 
 6  3  4  1  25  21  20 
 7  5  4  1  25  21  20 
 6  5  4  1  25  21  20 
 6  3  2  1  25  21  20 
 6  3  4  1  25  21  22 
 7  5  4  1  25  21  22 
 6  5  4  1  25  21  22 
 6  3  2  1  25  21  22 
 6  3  4  1  24  23  22 
 7  5  4  1  24  23  22 
 6  5  4  1  24  23  22 
 6  3  2  1  24  23  22 
Vertice de origem 9 nCaminhos 93
 8 
 10 
 8  6 
 8  7 
 10  12 
 10  7 
 8  6  3 
 8  6  5 
 10  12  11 
 10  7  5 
 8  7  5 
 8  6  3  2 
 8  6  3  4 
 8  7  5  14 
 10  7  5  14 
 8  6  5  14 
 8  7  5  4 
 10  7  5  4 
 8  6  5  4 
 10  12  11  14 
 8  6  3  2  1 
 8  6  5  4  16 
 10  7  5  4  16 
 8  7  5  4  16 
 8  6  3  4  16 
 10  12  11  14  13 
 8  6  5  14  13 
 10  7  5  14  13 
 8  7  5  14  13 
 8  6  5  4  1 
 10  7  5  4  1 
 8  7  5  4  1 
 8  6  3  4  1 
 8  6  3  4  1  0 
 8  7  5  4  1  0 
 10  7  5  4  1  0 
 8  6  5  4  1  0 
 8  6  3  2  1  0 
 8  6  3  4  1  24 
 8  7  5  4  1  24 
 10  7  5  4  1  24 
 8  6  5  4  1  24 
 8  6  3  2  1  24 
 8  6  3  4  1  25 
 8  7  5  4  1  25 
 10  7  5  4  1  25 
 8  6  5  4  1  25 
 8  6  3  2  1  25 
 8  7  5  14  13  15 
 10  7  5  14  13  15 
 8  6  5  14  13  15 
 10  12  11  14  13  15 
 8  6  3  4  16  17 
 8  7  5  4  16  17 
 10  7  5  4  16  17 
 8  6  5  4  16  17 
 8  6  3  4  16  15 
 8  7  5  4  16  15 
 10  7  5  4  16  15 
 8  6  5  4  16  15 
 8  6  5  4  16  17  18 
 10  7  5  4  16  17  18 
 8  7  5  4  16  17  18 
 8  6  3  4  16  17  18 
 8  6  3  2  1  24  23 
 8  6  5  4  1  24  23 
 10  7  5  4  1  24  23 
 8  7  5  4  1  24  23 
 8  6  3  4  1  24  23 
 8  6  3  2  1  25  21 
 8  6  5  4  1  25  21 
 10  7  5  4  1  25  21 
 8  7  5  4  1  25  21 
 8  6  3  4  1  25  21 
 8  6  3  4  16  17  18  19 
 8  7  5  4  16  17  18  19 
 10  7  5  4  16  17  18  19 
 8  6  5  4  16  17  18  19 
 8  6  3  4  1  25  21  20 
 8  7  5  4  1  25  21  20 
 10  7  5  4  1  25  21  20 
 8  6  5  4  1  25  21  20 
 8  6  3  2  1  25  21  20 
 8  6  3  4  1  25  21  22 
 8  7  5  4  1  25  21  22 
 10  7  5  4  1  25  21  22 
 8  6  5  4  1  25  21  22 
 8  6  3  2  1  25  21  22 
 8  6  3  4  1  24  23  22 
 8  7  5  4  1  24  23  22 
 10  7  5  4  1  24  23  22 
 8  6  5  4  1  24  23  22 
 8  6  3  2  1  24  23  22 
Vertice de origem 10 nCaminhos 30
 7 
 8 
 9 
 12 
 7  5 
 8  6 
 12  11 
 7  5  4 
 7  5  14 
 8  6  3 
 12  11  14 
 8  6  3  2 
 7  5  4  1 
 7  5  4  16 
 12  11  14  13 
 7  5  14  13 
 7  5  4  1  0 
 7  5  4  1  24 
 7  5  4  1  25 
 7  5  14  13  15 
 12  11  14  13  15 
 7  5  4  16  17 
 7  5  4  16  15 
 7  5  4  16  17  18 
 7  5  4  1  24  23 
 7  5  4  1  25  21 
 7  5  4  16  17  18  19 
 7  5  4  1  25  21  20 
 7  5  4  1  25  21  22 
 7  5  4  1  24  23  22 
Vertice de origem 11 nCaminhos 34
 12 
 14 
 12  10 
 14  5 
 14  13 
 14  5  4 
 14  5  6 
 14  5  7 
 12  10  8 
 12  10  9 
 14  13  15 
 12  10  7 
 14  5  4  1 
 14  5  4  3 
 14  5  4  16 
 14  5  6  3 
 14  13  15  16 
 14  5  4  1  0 
 14  5  4  1  2 
 14  5  4  1  24 
 14  5  4  1  25 
 14  5  6  3  2 
 14  5  4  3  2 
 14  13  15  16  17 
 14  5  4  16  17 
 14  5  4  16  17  18 
 14  13  15  16  17  18 
 14  5  4  1  24  23 
 14  5  4  1  25  21 
 14  13  15  16  17  18  19 
 14  5  4  16  17  18  19 
 14  5  4  1  25  21  20 
 14  5  4  1  25  21  22 
 14  5  4  1  24  23  22 
Vertice de origem 12 nCaminhos 45
 10 
 11 
 10  7 
 10  8 
 10  9 
 11  14 
 10  7  5 
 10  8  6 
 11  14  5 
 11  14  13 
 11  14  5  4 
 10  7  5  4 
 10  8  6  3 
 11  14  13  15 
 10  8  6  3  2 
 10  7  5  4  1 
 11  14  5  4  1 
 10  7  5  4  16 
 11  14  5  4  16 
 11  14  13  15  16 
 11  14  5  4  1  0 
 10  7  5  4  1  0 
 11  14  5  4  1  24 
 10  7  5  4  1  24 
 11  14  5  4  1  25 
 10  7  5  4  1  25 
 11  14  13  15  16  17 
 11  14  5  4  16  17 
 10  7  5  4  16  17 
 10  7  5  4  16  17  18 
 11  14  5  4  16  17  18 
 11  14  13  15  16  17  18 
 10  7  5  4  1  24  23 
 11  14  5  4  1  24  23 
 10  7  5  4  1  25  21 
 11  14  5  4  1  25  21 
 11  14  13  15  16  17  18  19 
 11  14  5  4  16  17  18  19 
 10  7  5  4  16  17  18  19 
 11  14  5  4  1  25  21  20 
 10  7  5  4  1  25  21  20 
 11  14  5  4  1  25  21  22 
 10  7  5  4  1  25  21  22 
 11  14  5  4  1  24  23  22 
 10  7  5  4  1  24  23  22 
Vertice de origem 13 nCaminhos 42
 14 
 15 
 14  5 
 14  11 
 15  16 
 14  5  4 
 14  5  6 
 14  5  7 
 14  11  12 
 15  16  4 
 15  16  17 
 15  16  4  1 
 14  5  4  1 
 15  16  4  3 
 14  5  4  3 
 14  5  6  8 
 14  5  7  10 
 15  16  17  18 
 14  5  6  3 
 14  5  7  8 
 14  11  12  10 
 14  5  4  1  0 
 15  16  4  1  0 
 14  5  4  1  2 
 15  16  4  1  2 
 14  5  4  1  24 
 15  16  4  1  24 
 14  5  4  1  25 
 15  16  4  1  25 
 14  5  6  3  2 
 14  5  4  3  2 
 15  16  4  3  2 
 14  5  7  8  9 
 14  5  6  8  9 
 15  16  17  18  19 
 15  16  17  18  23 
 14  11  12  10  9 
 14  5  7  10  9 
 15  16  17  18  19  20 
 15  16  17  18  23  22 
 15  16  4  1  25  21 
 14  5  4  1  25  21 
Vertice de origem 14 nCaminhos 38
 5 
 11 
 13 
 5  4 
 5  6 
 5  7 
 11  12 
 13  15 
 5  4  1 
 5  4  3 
 5  4  16 
 5  6  3 
 5  6  8 
 5  7  10 
 13  15  16 
 5  7  8 
 11  12  10 
 5  4  1  0 
 5  4  1  2 
 5  4  1  24 
 5  4  1  25 
 5  6  3  2 
 5  4  3  2 
 5  7  8  9 
 5  6  8  9 
 13  15  16  17 
 5  4  16  17 
 11  12  10  9 
 5  7  10  9 
 5  4  16  17  18 
 13  15  16  17  18 
 5  4  1  24  23 
 5  4  1  25  21 
 13  15  16  17  18  19 
 5  4  16  17  18  19 
 5  4  1  25  21  20 
 5  4  1  25  21  22 
 5  4  1  24  23  22 
Vertice de origem 15 nCaminhos 43
 13 
 16 
 13  14 
 16  4 
 16  17 
 16  4  1 
 16  4  3 
 16  4  5 
 13  14  11 
 16  17  18 
 13  14  5 
 16  4  1  0 
 16  4  1  2 
 16  4  1  24 
 16  4  1  25 
 16  4  3  2 
 16  4  3  6 
 13  14  5  7 
 16  4  5  7 
 13  14  11  12 
 16  17  18  19 
 16  17  18  23 
 13  14  5  6 
 16  4  5  6 
 16  4  5  6  8 
 13  14  5  6  8 
 16  4  3  6  8 
 16  4  5  7  10 
 13  14  5  7  10 
 16  17  18  19  20 
 16  17  18  23  22 
 16  4  1  25  21 
 16  4  5  7  8 
 13  14  5  7  8 
 13  14  11  12  10 
 13  14  5  7  8  9 
 16  4  5  7  8  9 
 16  4  3  6  8  9 
 13  14  5  6  8  9 
 16  4  5  6  8  9 
 13  14  11  12  10  9 
 13  14  5  7  10  9 
 16  4  5  7  10  9 
Vertice de origem 16 nCaminhos 36
 4 
 15 
 17 
 4  1 
 4  3 
 4  5 
 15  13 
 17  18 
 4  1  0 
 4  1  2 
 4  1  24 
 4  1  25 
 4  3  2 
 4  3  6 
 4  5  7 
 4  5  14 
 17  18  19 
 17  18  23 
 4  5  6 
 15  13  14 
 4  5  6  8 
 4  3  6  8 
 4  5  7  10 
 15  13  14  11 
 4  5  14  11 
 17  18  19  20 
 17  18  23  22 
 4  1  25  21 
 4  5  7  8 
 4  5  7  8  9 
 4  3  6  8  9 
 4  5  6  8  9 
 4  5  7  10  12 
 4  5  7  10  9 
 4  5  14  11  12 
 15  13  14  11  12 
Vertice de origem 17 nCaminhos 37
 16 
 18 
 16  4 
 16  15 
 18  19 
 18  23 
 16  4  1 
 16  4  3 
 16  4  5 
 16  15  13 
 18  19  20 
 18  23  22 
 18  23  24 
 16  4  1  0 
 16  4  1  2 
 16  4  1  25 
 16  4  3  2 
 16  4  3  6 
 16  4  5  7 
 16  4  5  14 
 18  19  20  21 
 16  4  5  6 
 16  15  13  14 
 18  23  22  21 
 16  4  5  6  8 
 16  4  3  6  8 
 16  4  5  7  10 
 16  15  13  14  11 
 16  4  5  14  11 
 16  4  5  7  8 
 16  4  5  7  8  9 
 16  4  3  6  8  9 
 16  4  5  6  8  9 
 16  4  5  7  10  12 
 16  4  5  7  10  9 
 16  4  5  14  11  12 
 16  15  13  14  11  12 
Vertice de origem 18 nCaminhos 38
 17 
 19 
 23 
 17  16 
 19  20 
 23  22 
 23  24 
 17  16  4 
 17  16  15 
 19  20  21 
 23  24  1 
 23  22  21 
 23  24  1  0 
 23  24  1  2 
 23  24  1  25 
 17  16  4  3 
 17  16  4  5 
 17  16  15  13 
 23  22  21  25 
 19  20  21  25 
 17  16  4  3  6 
 17  16  4  5  7 
 17  16  4  5  14 
 17  16  4  5  6 
 17  16  15  13  14 
 17  16  4  5  6  8 
 17  16  4  3  6  8 
 17  16  4  5  7  10 
 17  16  15  13  14  11 
 17  16  4  5  14  11 
 17  16  4  5  7  8 
 17  16  4  5  7  8  9 
 17  16  4  3  6  8  9 
 17  16  4  5  6  8  9 
 17  16  4  5  7  10  12 
 17  16  4  5  7  10  9 
 17  16  4  5  14  11  12 
 17  16  15  13  14  11  12 
Vertice de origem 19 nCaminhos 38
 18 
 20 
 18  17 
 18  23 
 20  21 
 18  17  16 
 20  21  22 
 20  21  25 
 18  23  22 
 18  23  24 
 18  17  16  4 
 18  17  16  15 
 18  23  24  1 
 20  21  25  0 
 20  21  25  1 
 20  21  25  1  2 
 18  23  24  1  2 
 18  17  16  4  3 
 18  17  16  4  5 
 18  17  16  15  13 
 18  17  16  4  3  6 
 18  17  16  4  5  7 
 18  17  16  4  5  14 
 18  17  16  4  5  6 
 18  17  16  15  13  14 
 18  17  16  4  5  6  8 
 18  17  16  4  3  6  8 
 18  17  16  4  5  7  10 
 18  17  16  15  13  14  11 
 18  17  16  4  5  14  11 
 18  17  16  4  5  7  8 
 18  17  16  4  5  7  8  9 
 18  17  16  4  3  6  8  9 
 18  17  16  4  5  6  8  9 
 18  17  16  4  5  7  10  12 
 18  17  16  4  5  7  10  9 
 18  17  16  4  5  14  11  12 
 18  17  16  15  13  14  11  12 
Vertice de origem 20 nCaminhos 39
 19 
 21 
 19  18 
 21  22 
 21  25 
 19  18  17 
 19  18  23 
 21  25  0 
 21  25  1 
 21  22  23 
 21  25  1  2 
 21  25  1  4 
 21  25  1  24 
 19  18  17  16 
 21  22  23  24 
 19  18  23  24 
 21  25  1  2  3 
 21  25  1  4  5 
 19  18  17  16  15 
 21  25  1  4  3 
 21  25  1  4  3  6 
 21  25  1  2  3  6 
 21  25  1  4  5  7 
 21  25  1  4  5  14 
 19  18  17  16  15  13 
 21  25  1  4  5  6 
 21  25  1  4  5  6  8 
 21  25  1  2  3  6  8 
 21  25  1  4  3  6  8 
 21  25  1  4  5  7  10 
 21  25  1  4  5  14  11 
 21  25  1  4  5  7  8 
 21  25  1  4  5  7  8  9 
 21  25  1  4  3  6  8  9 
 21  25  1  2  3  6  8  9 
 21  25  1  4  5  6  8  9 
 21  25  1  4  5  7  10  12 
 21  25  1  4  5  7  10  9 
 21  25  1  4  5  14  11  12 
Vertice de origem 21 nCaminhos 40
 20 
 22 
 25 
 20  19 
 22  23 
 25  0 
 25  1 
 25  1  2 
 25  1  4 
 25  1  24 
 20  19  18 
 22  23  24 
 22  23  18 
 25  1  2  3 
 25  1  4  5 
 25  1  4  16 
 22  23  18  17 
 20  19  18  17 
 25  1  4  3 
 25  1  4  3  6 
 25  1  2  3  6 
 25  1  4  5  7 
 25  1  4  5  14 
 25  1  4  16  15 
 25  1  4  5  6 
 25  1  4  5  6  8 
 25  1  2  3  6  8 
 25  1  4  3  6  8 
 25  1  4  5  7  10 
 25  1  4  5  14  11 
 25  1  4  5  14  13 
 25  1  4  5  7  8 
 25  1  4  16  15  13 
 25  1  4  5  7  8  9 
 25  1  4  3  6  8  9 
 25  1  2  3  6  8  9 
 25  1  4  5  6  8  9 
 25  1  4  5  7  10  12 
 25  1  4  5  7  10  9 
 25  1  4  5  14  11  12 
Vertice de origem 22 nCaminhos 61
 21 
 23 
 21  20 
 21  25 
 23  18 
 23  24 
 23  18  17 
 23  18  19 
 23  24  1 
 21  25  0 
 21  25  1 
 21  20  19 
 21  25  1  2 
 23  24  1  2 
 21  25  1  4 
 23  24  1  4 
 23  18  17  16 
 23  24  1  2  3 
 21  25  1  2  3 
 23  24  1  4  5 
 21  25  1  4  5 
 23  18  17  16  15 
 23  24  1  4  3 
 21  25  1  4  3 
 21  25  1  4  3  6 
 23  24  1  4  3  6 
 21  25  1  2  3  6 
 23  24  1  2  3  6 
 21  25  1  4  5  7 
 23  24  1  4  5  7 
 21  25  1  4  5  14 
 23  24  1  4  5  14 
 23  18  17  16  15  13 
 21  25  1  4  5  6 
 23  24  1  4  5  6 
 23  24  1  4  5  6  8 
 21  25  1  4  5  6  8 
 23  24  1  2  3  6  8 
 21  25  1  2  3  6  8 
 23  24  1  4  3  6  8 
 21  25  1  4  3  6  8 
 23  24  1  4  5  7  10 
 21  25  1  4  5  7  10 
 23  24  1  4  5  14  11 
 21  25  1  4  5  14  11 
 23  24  1  4  5  7  8 
 21  25  1  4  5  7  8 
 21  25  1  4  5  7  8  9 
 23  24  1  4  5  7  8  9 
 21  25  1  4  3  6  8  9 
 23  24  1  4  3  6  8  9 
 21  25  1  2  3  6  8  9 
 23  24  1  2  3  6  8  9 
 21  25  1  4  5  6  8  9 
 23  24  1  4  5  6  8  9 
 21  25  1  4  5  7  10  12 
 23  24  1  4  5  7  10  12 
 21  25  1  4  5  7  10  9 
 23  24  1  4  5  7  10  9 
 21  25  1  4  5  14  11  12 
 23  24  1  4  5  14  11  12 
Vertice de origem 23 nCaminhos 38
 18 
 22 
 24 
 18  17 
 18  19 
 22  21 
 24  1 
 24  1  0 
 24  1  2 
 24  1  4 
 24  1  25 
 18  17  16 
 18  19  20 
 22  21  25 
 22  21  20 
 24  1  2  3 
 24  1  4  5 
 18  17  16  15 
 24  1  4  3 
 24  1  4  3  6 
 24  1  2  3  6 
 24  1  4  5  7 
 24  1  4  5  14 
 18  17  16  15  13 
 24  1  4  5  6 
 24  1  4  5  6  8 
 24  1  2  3  6  8 
 24  1  4  3  6  8 
 24  1  4  5  7  10 
 24  1  4  5  14  11 
 24  1  4  5  7  8 
 24  1  4  5  7  8  9 
 24  1  4  3  6  8  9 
 24  1  2  3  6  8  9 
 24  1  4  5  6  8  9 
 24  1  4  5  7  10  12 
 24  1  4  5  7  10  9 
 24  1  4  5  14  11  12 
Vertice de origem 24 nCaminhos 40
 1 
 23 
 1  0 
 1  2 
 1  4 
 1  25 
 23  18 
 23  22 
 1  2  3 
 1  4  5 
 1  4  16 
 23  18  17 
 23  18  19 
 23  22  21 
 1  4  3 
 1  25  21 
 1  4  3  6 
 1  2  3  6 
 1  4  5  7 
 1  4  5  14 
 1  4  16  15 
 23  18  19  20 
 1  4  5  6 
 1  25  21  20 
 23  22  21  20 
 1  4  5  6  8 
 1  2  3  6  8 
 1  4  3  6  8 
 1  4  5  7  10 
 1  4  5  14  11 
 1  4  5  14  13 
 1  4  5  7  8 
 1  4  16  15  13 
 1  4  5  7  8  9 
 1  4  3  6  8  9 
 1  2  3  6  8  9 
 1  4  5  6  8  9 
 1  4  5  7  10  12 
 1  4  5  7  10  9 
 1  4  5  14  11  12 
Vertice de origem 25 nCaminhos 40
 0 
 1 
 21 
 1  2 
 1  4 
 1  24 
 21  20 
 21  22 
 1  2  3 
 1  4  5 
 1  4  16 
 21  20  19 
 21  22  23 
 1  4  3 
 1  24  23 
 1  4  3  6 
 1  2  3  6 
 1  4  5  7 
 1  4  5  14 
 1  4  16  15 
 1  4  16  17 
 21  20  19  18 
 1  4  5  6 
 1  24  23  18 
 21  22  23  18 
 1  4  5  6  8 
 1  2  3  6  8 
 1  4  3  6  8 
 1  4  5  7  10 
 1  4  5  14  11 
 1  4  5  14  13 
 1  4  5  7  8 
 1  4  16  15  13 
 1  4  5  7  8  9 
 1  4  3  6  8  9 
 1  2  3  6  8  9 
 1  4  5  6  8  9 
 1  4  5  7  10  12 
 1  4  5  7  10  9 
 1  4  5  14  11  12 

Centralidade de Intermediação
cb = 0.000000
cb = 109.316667
cb = 10.266667
cb = 28.958333
cb = 135.300000
cb = 104.783333
cb = 32.141667
cb = 35.433333
cb = 23.025000
cb = 0.000000
cb = 19.891667
cb = 12.625000
cb = 5.458333
cb = 11.233333
cb = 42.333333
cb = 16.066667
cb = 63.833333
cb = 37.000000
cb = 33.333333
cb = 7.166667
cb = 5.833333
cb = 30.333333
cb = 4.166667
cb = 22.833333
cb = 25.333333
cb = 41.333333
centralidade  de intermediação indica o vertice v4
135.300000 4
Media da centralidade de intermediação 33.000000
Media da centralidade de intermediação ponderada = 40.840046
33.000000 < 300.000000
