75
1 2
1 3
2 4
2 14
3 15
4 5
5 6
5 8
5 14
6 7
7 9
8 10
8 13
9 10
10 11
11 12
12 13
12 21
13 14
13 20
14 19
15 16
15 19
16 17
17 18
17 31
18 19
18 30
19 20
20 22
20 27
21 22
22 23
22 24
23 27
24 25
25 26
26 27
26 37
27 28
27 35
28 29
29 30
30 34
31 32
32 33
32 56
33 34
34 49
35 36
36 48
37 38
38 39
38 46
39 40
40 41
41 42
42 43
43 44
44 45
44 47
45 52
46 47
46 48
47 50
48 49
49 51
49 53
50 51
51 52
51 74
52 75
53 54
53 73
54 58
54 57
55 56
55 57
57 59
59 60
60 61
61 62
61 63
62 64
63 68
63 70
64 65
65 66
66 67
67 68
68 69
69 70
70 71
71 72
71 75
72 73
73 74
